0,453
0,452
0,451
0,450
0,449
84,4
84,3
84,2
84,1
84,0
83,3
83,2
83,1
83,0
82,4
82,3
82,2
82,1
82,0
81,3
81,2
81,1
81,0
80,4
80,3
80,2
80,1
80,0
79,3
79,2
79,1
79,0
78,3
78,2
78,1
78,0
77,4
77,3
77,2
77,1
77,0
76,3
76,2
76,1
76,0
0,448
0,447
0,446
0,445
75,3
75,2
0,444
75,1
75,0
0,443
0,442
0,441
74,4
74,3
74,2
0,440
74,1
74,0
0,439
0,438
0,437
0,436
0,435
0,434
0,433
73,3
73,2
0,432
73,1
73,0
72,4
72,3
72,2
0,431
72,1
72,0
0,430
0,429
0,428
0,427
0,426
0,425
0,424
71,4
71,3
71,2
0,423
71,1
71,0
0,422
0,421
0,420
70,3
70,2
0,419
70,1
70,0
0,418
0,417
0,416
0,415
0,414
69,3
69,2
0,413
69,1
69,0
0,412
0,411
0,410
68,4
68,3
68,2
0,409
68,1
68,0
0,408
0,407
67,3
